![wpn_fnx45_custom]
silencer_status	=	2

![wpn_fnx45_sk1_hud]
        aim_hud_offset_pos               = -0.051587, 0.023245, -0.018132
        aim_hud_offset_pos_16x9          = -0.051587, 0.023245, -0.018132
        aim_hud_offset_rot               = 0.008118, 0.001587, -0.086627
        aim_hud_offset_rot_16x9          = 0.008118, 0.001587, -0.086627