![wpn_ak105_shakal]
	s3ds_reticle_size 	= 4.3
	s3ds_eye_relief 	= 1.9
	s3ds_exit_pupil		= 0.35
	s3ds_chroma_power	= 0.035
	magnifications 		= 4

lewd_lens_hide_enabled       = true
lewd_lens_hide_bone          = lens
lewd_lens_hide_delays        = 0.1,0
lewd_lens_hide_aim_mode      = true, false, false		
![wpn_ak105_shakal_hud]
        aim_hud_offset_pos               = -0.069344, 0.006913, -0.063583
        aim_hud_offset_pos_16x9          = -0.069344, 0.006913, -0.063583
        aim_hud_offset_rot               = 0.004531, -0.000969, -0.006
        aim_hud_offset_rot_16x9          = 0.004531, -0.000969, -0.006

        aim_hud_offset_alt_pos           = -0.069391, -0.029361, -0.067354
        aim_hud_offset_alt_pos_16x9      = -0.069391, -0.029361, -0.067354
        aim_hud_offset_alt_rot           = -0.001746, 0.002805, 0.006
        aim_hud_offset_alt_rot_16x9      = -0.001746, 0.002805, 0.006

![wpn_ak105_swamp]
	s3ds_reticle_size 	= 6.1
	s3ds_eye_relief 	= 2
	s3ds_chroma_power	= 0.04	
	s3ds_reticle_type 	= 4
	ms_count 			= 3
	ms_colors			= scope_black, scope_red_dim, scope_red
	magnifications 		= 1,4
	
lewd_lens_hide_enabled       = true
lewd_lens_hide_bone          = lens
lewd_lens_hide_delays        = 0.1,0
lewd_lens_hide_aim_mode      = true, false, false		
![wpn_ak105_swamp_hud]
        aim_hud_offset_pos               = -0.069045, 0.007408, -0.068015
        aim_hud_offset_pos_16x9          = -0.069045, 0.007408, -0.068015
        aim_hud_offset_rot               = 0.005214, -0.000841, -0.006
        aim_hud_offset_rot_16x9          = 0.005214, -0.000841, -0.006		
		
        aim_hud_offset_alt_pos           = -0.089384, -0.057237, -0.067202
        aim_hud_offset_alt_pos_16x9      = -0.089384, -0.057237, -0.067202
        aim_hud_offset_alt_rot           = 0.008182, 0.011723, 0.783698
        aim_hud_offset_alt_rot_16x9      = 0.008182, 0.011723, 0.783698	