![wpn_aug]
	s3ds_reticle_size 	= 3
	s3ds_eye_relief 	= 2
	s3ds_exit_pupil		= 0.7
	s3ds_chroma_power	= 0.04
	magnification 		= 1.5
	
scope_zoom_factor                = 80
scope_texture                    =	
		
lewd_lens_hide_enabled       = true
lewd_lens_hide_bone          = lens
lewd_lens_hide_delays        = 0.1,0
lewd_lens_hide_aim_mode      = true, false, false	
		
![wpn_aug_hud]
        aim_hud_offset_pos               = -0.059799, 0.019968, -0.058271
        aim_hud_offset_pos_16x9          = -0.059799, 0.019968, -0.058271
        aim_hud_offset_rot               = 0.016524, -0.003193, 0.010025
        aim_hud_offset_rot_16x9          = 0.016524, -0.003193, 0.010025
		
        aim_hud_offset_alt_pos           = -0.061959, 0.002431, 0.044569
        aim_hud_offset_alt_pos_16x9      = -0.061959, 0.002431, 0.044569
        aim_hud_offset_alt_rot           = 0.012351, 0.000852, -0.010025
        aim_hud_offset_alt_rot_16x9      = 0.012351, 0.000852, -0.010025		
