![wpn_remington700_mod_x_gen3]
scopes	=
scope_zoom_factor                = 6.7
min_scope_zoom_factor			 = 40		
scope_texture                    =	

	s3ds_reticle_size 	= 4.4
	s3ds_eye_relief 	= 4
	s3ds_exit_pupil		= 0.45
	magnifications		= 3-18	
	
lewd_lens_hide_enabled       = true		
lewd_lens_hide_bone          = lens
lewd_lens_hide_delays        = 0.1,0
lewd_lens_hide_aim_mode      = true, false, false	
![wpn_remington700_mod_x_gen3_hud]		
        aim_hud_offset_pos               = -0.076018, -0.005675, -0.122432
        aim_hud_offset_pos_16x9          = -0.076018, -0.005675, -0.12243
        aim_hud_offset_rot               = -0.009124, 0.00539, 0
        aim_hud_offset_rot_16x9          = -0.009124, 0.00539, 0
		
        aim_hud_offset_alt_pos           = -0.082675, -0.069405, -0.123586
        aim_hud_offset_alt_pos_16x9      = -0.082675, -0.069405, -0.123586
        aim_hud_offset_alt_rot           = -0.013213, 0.009696, 0.79
        aim_hud_offset_alt_rot_16x9      = -0.013213, 0.009696, 0.79		