![wpn_p90_gs_hud]
        aim_hud_offset_pos               = -0.001881, -0.009347, -0.063081
        aim_hud_offset_pos_16x9          = -0.001881, -0.009347, -0.063081
        aim_hud_offset_rot               = 0.012274, -0.008733, 0.005
        aim_hud_offset_rot_16x9          = 0.012274, -0.008733, 0.005