![wpn_mp412_hud]
aim_hud_offset_pos               = -0.0687, 0.046066, -0.21
aim_hud_offset_pos_16x9          = -0.0687, 0.046066, -0.21
aim_hud_offset_rot          = 0, 0, 0
aim_hud_offset_rot_16x9     = 0, 0, 0


hands_orientation           = 0, 0, 0
hands_orientation_16x9      = 0, 0, 0
hands_position                   = -0.032857, -0.156417, -0.1189
hands_position_16x9              = -0.032857, -0.156417, -0.1189

![wpn_mp412_c-more_hud]
        aim_hud_offset_pos               = -0.070461, 0.018496, -0.21
        aim_hud_offset_pos_16x9          = -0.070461, 0.018496, -0.21
        aim_hud_offset_rot               = -0.003906, 0.001438, 0
        aim_hud_offset_rot_16x9          = -0.003906, 0.001438, 0

![wpn_mp412_ac10632_hud]
        aim_hud_offset_pos               = -0.069641, 0.015449, -0.21
        aim_hud_offset_pos_16x9          = -0.069641, 0.015449, -0.21
        aim_hud_offset_rot               = -0.003622, -0.000258, 0
        aim_hud_offset_rot_16x9          = -0.003622, -0.000258, 0

![wpn_mp412_d0cter_hud]
        aim_hud_offset_pos               = -0.068925, 0.026539, -0.21
        aim_hud_offset_pos_16x9          = -0.068925, 0.026539, -0.21
        aim_hud_offset_rot               = -0.004119, -0.001109, 0
        aim_hud_offset_rot_16x9          = -0.004119, -0.001109, 0