![wpn_sig226_226sig_kit]
<scopes	=	226sig_kit
>scopes	=	lazup_pl15

![wpn_sig226_226sig_kit_hud]
        aim_hud_offset_pos               = -0.050116, 0.026155, 0
        aim_hud_offset_pos_16x9          = -0.050116, 0.026155, 0
        aim_hud_offset_rot               = 0.005349, 0.003028, -0.086627
        aim_hud_offset_rot_16x9          = 0.005349, 0.003028, -0.086627
		
[wpn_sig226_226sig_kit_lazup_pl15]:wpn_sig226_226sig_kit
hud				        = wpn_sig226_226sig_kit_laz_hud

inv_weight			    = 0.980

use_alt_aim_hud                   = true 
laser_status                      = true

[wpn_sig226_226sig_kit_laz_hud]:wpn_sig226_226sig_kit_hud
item_visual                	= dynamics\weapons\wpn_sig226\wpn_sig226_226sig_kit_laz_hud.ogf
        aim_hud_offset_pos               = -0.053421, 0.026581, 0
        aim_hud_offset_pos_16x9          = -0.053421, 0.026581, 0
        aim_hud_offset_rot               = -0.000316, 0.007949, -0.086627
        aim_hud_offset_rot_16x9          = -0.000316, 0.007949, -0.086627

        aim_hud_offset_alt_pos           = -0.094027, -0.066128, 0.005606
        aim_hud_offset_alt_pos_16x9      = -0.094027, -0.066128, 0.005606
        aim_hud_offset_alt_rot           = -0.004157, 0.011964, 0.456937
        aim_hud_offset_alt_rot_16x9      = -0.004157, 0.011964, 0.456937
		
        hands_orientation                = 0.209519, -0.320443, -0.050965
        hands_orientation_16x9           = 0.209519, -0.320443, -0.050965
        hands_position                   = 0.003042, -0.000284, 0.040786
        hands_position_16x9              = 0.003042, -0.000284, 0.040786
