![wpn_glock_modern]
parent_section	=	wpn_glock_modern
scopes			=	lazup_pl15

![wpn_glock_sk2_hud]
        aim_hud_offset_alt_pos           = 0.000424, -0.004548, 0
        aim_hud_offset_alt_pos_16x9      = 0.000424, -0.004548, 0
        aim_hud_offset_pos               = 0.029915, -0.005203, -0.026747
        aim_hud_offset_pos_16x9          = 0.029915, -0.005203, -0.026747
        aim_hud_offset_rot               = -0.015623, 0.025674, -0.108531
        aim_hud_offset_rot_16x9          = -0.015623, 0.025674, -0.108531
        item_position                    = -0.003014, 0.000993, -0.003275
		
[wpn_glock_modern_lazup_pl15]:wpn_glock_modern		
hud					= wpn_glock_modern_lazup_pl15_hud

use_alt_aim_hud     = true
laser_status 		= true

[wpn_glock_modern_lazup_pl15_hud]:wpn_glock_sk2_hud
item_visual                		= anomaly_weapons\wpn_glock\wpn_glock_sk2_laz_hud.ogf
        aim_hud_offset_alt_pos           = 4.9e-05, -0.068758, -0.050345
        aim_hud_offset_alt_pos_16x9      = 4.9e-05, -0.068758, -0.050345
        aim_hud_offset_alt_rot           = -0.006253, 0.01009, 0.344181
        aim_hud_offset_alt_rot_16x9      = -0.006253, 0.01009, 0.344181
		
        aim_hud_offset_pos               = 0.025815, -0.013461, -0.026747
        aim_hud_offset_pos_16x9          = 0.025815, -0.013461, -0.026747
        aim_hud_offset_rot               = -0.004959, 0.006682, -0.108531
        aim_hud_offset_rot_16x9          = -0.004959, 0.006682, -0.108531
		
        hands_orientation                = 0.298356, -0.06992, -5.543992
        hands_orientation_16x9           = 0.298356, -0.06992, -5.543992
        hands_position                   = -0.018156, -0.053986, -0.061497
        hands_position_16x9              = -0.018156, -0.053986, -0.061497