![wpn_sr2_veresk_sr2_upkit_hud]
        aim_hud_offset_pos               = -0.07319, 0.00879, -0.04
        aim_hud_offset_pos_16x9          = -0.07319, 0.00879, -0.04
        aim_hud_offset_rot               = 0.007399, 0.00696, -0.094
        aim_hud_offset_rot_16x9          = 0.007399, 0.00696, -0.094

![wpn_sr2_veresk_kp_sr2]
1icon_layer		= kp_sr2_x		
![wpn_sr2_veresk_kp_sr2_hud]
        aim_hud_offset_pos               = -0.073444, 0.009314, -0.04
        aim_hud_offset_pos_16x9          = -0.073444, 0.009314, -0.04
        aim_hud_offset_rot               = 0.007873, 0.007144, -0.094
        aim_hud_offset_rot_16x9          = 0.007873, 0.007144, -0.094