;==============================================================================
![wpn_g36v_rwap]
scope_zoom_factor       = 60
scope_texture           =
scope_status			= 1		
		
	s3ds_reticle_size 	= 3.5
	s3ds_eye_relief 	= 2
	s3ds_exit_pupil		= 0.65	
	magnifications 		= 3

lewd_lens_hide_enabled       = true
lewd_lens_hide_bone          = scope6
lewd_lens_hide_delays        = 0.1,0
lewd_lens_hide_aim_mode      = true, false, false		
![wpn_g36v_rwap_hud]
        aim_hud_offset_pos               = 0.024274, -0.013377, -0.025815
        aim_hud_offset_pos_16x9          = 0.024274, -0.013377, -0.025815
        aim_hud_offset_rot               = 0.01212, 0.001483, 0.00387
        aim_hud_offset_rot_16x9          = 0.01212, 0.001483, 0.00387

        aim_hud_offset_alt_pos           = 0.023655, -0.053941, 0.025
        aim_hud_offset_alt_pos_16x9      = 0.023655, -0.053941, 0.025
        aim_hud_offset_alt_rot           = 0.008266, 0.005974, 0.00387
        aim_hud_offset_alt_rot_16x9      = 0.008266, 0.005974, 0.00387